2005  1022  972  899  860  995  937  965  905  911  766  862  907
2006   834  765  755  890  809  765  758  794  778  743  863  845
2007   835  777  722  724  744  737  716  691  670  675  696  785
2008   743  711  729  702  684  659  657  663  671  683  686  692
2009   698  700  692  697  705  686  682  674  705  723  736  768
2010   811  847  834  759  738  725  798  795  811  817  825  842
2011   834  946 1158 1125  958  958  941 1017 1345 1372 1531 1412
2012  1331 1068 1150 1131 1215 1209 1361 1157 1230 1232 1209 1083
2013  1271 1042 1113 1251 1313 1101 1155 1154 1026 1324 1483 1477
2014  1601 1702 1499 1442 1302 1221 1373 1252 1477 1551 1547 1589
2015  1415 1289 1263 1290 1199 1268 1070 1065 1020 1040 1095 1127
2016  1034 1035  915  934  932  819  859  849  877  860  785  751
2017   773  768  746  810  735  747  776  779  933  764  723  715
2018   700  720  684  700  709  725  697  691  683  695  689  700
2019   716  706  715  725  713  681  673  671  680  675  702  709
2020   723  709  702  696  692  697  695  717  706  746  901  873
2021   901  873  761  743  765  747  798  810  779  901  866 1029
2022  1041 1091 1178 1306 1340 1160 1256 1181 1347 1328 1236 1485